0 0.767951 0.853744 0.130039 0.287262 0.906077
0 0.0692525 0.458627 0.0392053 0.0885941 0.873719
0 0.469688 0.473282 0.0273568 0.109834 0.864694
0 0.187347 0.360916 0.0273491 0.0685586 0.851302
0 0.690276 0.34237 0.015522 0.0585843 0.788202
0 0.758517 0.326676 0.0140877 0.0661305 0.751458
0 0.507952 0.299011 0.0119064 0.0545711 0.743497
13 0.564442 0.416815 0.0516705 0.0513363 0.687428
0 0.993724 0.279353 0.0117874 0.0518291 0.674666
32 0.743649 0.636593 0.00778141 0.0119326 0.653611
56 0.401516 0.377889 0.0200294 0.0412748 0.649119
0 0.580676 0.246151 0.0079621 0.0366231 0.628729
38 0.831184 0.870156 0.0352074 0.0365228 0.553882
56 0.126769 0.134979 0.0425854 0.0108199 0.274878
56 0.0764825 0.134246 0.0454237 0.0121717 0.247807
13 0.569535 0.410876 0.0568607 0.0421723 0.189077
13 0.126855 0.135024 0.0428603 0.0111629 0.187619
0 0.548697 0.372082 0.0122396 0.0414109 0.170524
13 0.574559 0.405563 0.0516956 0.0344385 0.123579
0 0.724072 0.284362 0.0127645 0.028974 0.111544
56 0.0202136 0.13482 0.040075 0.0100333 0.100001
0 0.767951 0.853744 0.130039 0.287262 0.906077
0 0.0692525 0.458627 0.0392053 0.0885941 0.873719
0 0.469688 0.473282 0.0273568 0.109834 0.864694
0 0.187347 0.360916 0.0273491 0.0685586 0.851302
0 0.690276 0.34237 0.015522 0.0585843 0.788202
0 0.758517 0.326676 0.0140877 0.0661305 0.751458
0 0.507952 0.299011 0.0119064 0.0545711 0.743497
0 0.993724 0.279353 0.0117874 0.0518291 0.674666
0 0.580676 0.246151 0.0079621 0.0366231 0.628729
